image_00000 349 267 378 294
image_00001 349 263 380 295
image_00002 352 264 380 295
image_00003 355 261 384 294
image_00004 354 263 387 297
image_00005 354 260 388 296
image_00006 353 260 386 297
image_00007 353 260 395 298
image_00008 346 261 387 297
image_00009 350 259 385 296
image_00010 348 257 386 297
image_00011 350 257 384 298
image_00012 347 258 382 298
image_00013 344 261 381 298
image_00014 340 256 385 299
image_00015 344 259 381 300
image_00016 346 256 382 301
image_00017 342 244 396 300
image_00018 343 240 400 301
image_00019 344 241 403 301
image_00020 343 243 401 301
image_00021 342 244 400 301
image_00022 342 239 402 303
image_00023 342 239 404 300
image_00024 340 244 404 301
image_00025 341 245 403 302
image_00026 341 245 403 303
image_00027 341 244 401 303
image_00028 340 234 404 304
image_00029 338 244 405 304
image_00030 337 244 407 304
image_00031 338 243 405 305
image_00032 340 241 405 306
image_00033 367 244 407 306
image_00034 363 242 408 308
image_00035 373 243 405 306
image_00036 371 244 406 303
image_00037 370 244 409 308
image_00038 369 246 403 306
image_00039 368 247 416 306
image_00040 373 247 415 285
image_00041 368 247 415 307
image_00042 377 243 414 280
image_00043 376 241 417 280
image_00044 378 239 416 272
image_00045 379 237 416 272
image_00046 379 240 415 270
image_00047 381 238 414 268
image_00048 383 239 412 266
image_00049 383 239 411 264
image_00050 394 237 412 263
image_00051 395 239 412 263
image_00052 391 240 414 265
image_00053 393 239 413 261
image_00054 389 241 412 262
image_00055 392 241 412 261
image_00056 390 242 411 260
image_00057 395 241 412 259
image_00058 396 240 410 259
image_00059 397 239 409 257
image_00060 396 239 409 258
image_00061 394 241 409 257
image_00062 392 239 408 258
image_00063 393 238 408 257
